1.028871, 0.675082
0.850673, 0.796503
2.595904, 0.964232
1.027863, 0.570489
0.677511, 0.441755
2.523911, 0.865108
1.441328, 0.529960
2.054506, 0.421369
1.913144, 0.693088
0.674062, 0.295846
2.654988, 0.718009
1.165624, 0.495376
0.295999, 0.226417
2.832301, 0.203772
1.881069, 0.758947
0.934111, 0.376995
2.458632, 0.273080
1.280007, 0.609223
0.658315, 0.192206
2.673452, 0.775353
1.949461, 0.455031
0.492264, 0.020173
1.185156, 0.613215
1.812037, 0.722983
0.481246, 0.742851
2.819483, 0.374065
1.750908, 0.726609
0.577837, 0.280068
2.131993, 0.447951
1.142338, 0.744163
0.618458, 0.160009
2.931394, 0.399335
1.238502, 0.689535
0.563585, 0.744682
1.157720, 0.613068
1.592181, 0.763366
1.286538, 0.686520
2.963897, 0.651784
1.193152, 0.575555
0.536821, 0.903348
2.826289, 0.479781
1.282907, 0.796106
0.794855, 0.270821
2.665395, 0.039125
1.670736, 0.696542
0.460982, 0.524766
1.632374, 0.711362
2.475631, 0.670248
1.863521, 0.436207
0.074374, 0.371532
2.502976, 0.232826
1.592151, 0.641389
0.594409, 0.169378
2.433302, 0.278115
1.524827, 0.747349
2.670797, 0.681204
1.710166, 0.762035
0.587848, 0.898648
2.904050, 0.529130
1.866237, 0.523612
0.844172, 0.469985
1.166234, 0.556536
0.586840, 0.463607
1.532273, 0.779638
0.671834, 0.757469
2.718772, 0.740287
1.779290, 0.556902
0.741722, 0.493027
2.245766, 0.250160
1.100955, 0.600458
0.309488, 0.757683
2.593646, 0.643330
1.024232, 0.473464
0.622761, 0.582080
2.287790, 0.678854
1.703299, 0.548271
1.902554, 0.700375
1.855586, 0.613459
0.678579, 0.184423
2.910764, 0.302225
1.009919, 0.784265
0.226264, 0.558031
2.231208, 0.543565
1.098514, 0.797717
2.626209, 0.499130
1.645192, 0.643745
0.919309, 0.653249
1.536699, 0.616816
0.478469, 0.368145
2.433729, 0.038453
1.303690, 0.527177
0.200354, 0.212806
2.391125, 0.124668
1.872036, 0.410266
0.158177, 0.137944
1.399396, 0.696188
0.919187, 0.751518
2.726768, 0.151341
1.025269, 0.745640
2.624928, 0.882900
1.559191, 0.422510
0.857479, 0.464675
2.446455, 0.084475
1.939177, 0.404688
0.555589, 0.125278
2.854946, 0.722373
1.333232, 0.485647
0.871914, 0.174413
2.407636, 0.880886
1.656911, 0.439369
0.894375, 0.357402
2.278451, 0.496323
1.665029, 0.758654
0.874905, 0.762200
2.610034, 0.108890
1.269662, 0.784509
0.426923, 0.722678
2.315348, 0.923215
1.965026, 0.669857
0.247078, 0.306192
2.658345, 0.936705
1.827357, 0.515250
2.562944, 0.040651
1.131504, 0.527848
0.775231, 0.642994
1.805536, 0.636494
2.136204, 0.559893
1.362499, 0.697165
0.709220, 0.571215
2.951842, 0.661611
1.223090, 0.491751
0.348766, 0.444472
2.689688, 0.175054
1.102390, 0.612311
0.031922, 0.417219
2.352367, 0.501938
1.003967, 0.679159
0.359355, 0.615528
2.214637, 0.546556
1.967132, 0.617560
0.535783, 0.180090
2.527360, 0.724693
1.676687, 0.761974
0.318766, 0.228401
2.205542, 0.176885
1.991607, 0.620051
1.005524, 0.661080
2.289224, 0.897916
1.043153, 0.543583
1.647267, 0.417103
0.486862, 0.787744
1.744865, 0.570855
0.269997, 0.726188
2.941954, 0.426038
1.426832, 0.409436
1.752068, 0.561272
0.339396, 0.554827
2.257698, 0.337321
1.326029, 0.719919
0.191076, 0.682638
2.402692, 0.585498
1.726524, 0.632221
0.651479, 0.646535
2.217109, 0.800287
1.778771, 0.528422
0.776025, 0.120334
2.596088, 0.233894
1.851436, 0.691049
0.447584, 0.138005
2.327616, 0.040101
1.366741, 0.628120
0.182165, 0.860103
2.242286, 0.478317
1.231147, 0.505277
0.775445, 0.473739
1.509293, 0.747642
0.206091, 0.728721
2.711844, 0.153966
1.019532, 0.498709
0.393536, 0.066988
2.408124, 0.692282
1.241096, 0.767833
2.748527, 0.327921
1.620472, 0.460732
1.671529, 0.720566
0.070345, 0.398450
2.176702, 0.551775
1.804437, 0.756407
0.663778, 0.050111
2.870357, 0.692038
1.219275, 0.657015
0.911954, 0.323801
2.415601, 0.694571
1.084811, 0.424830
0.697531, 0.555864
2.788141, 0.866298
1.216529, 0.473000
0.421339, 0.233650
1.197943, 0.753441
2.547014, 0.677938
1.975433, 0.778918
0.133610, 0.684378
1.030030, 0.715256
0.470931, 0.470779
1.911618, 0.501529
2.363994, 0.196692
1.835353, 0.457326
1.818018, 0.705515
1.089145, 0.427076
0.523392, 0.854823
2.647481, 0.761803
1.882900, 0.721873
0.652242, 0.365947
2.670095, 0.278634
1.819117, 0.724717
0.354442, 0.576037
2.627644, 0.028413
1.545457, 0.470937
0.208930, 0.404187
2.233070, 0.148289
1.759026, 0.668722
0.756706, 0.358074
2.508652, 0.123936
1.783563, 0.667415
0.780969, 0.565050
2.078646, 0.750206
1.168432, 0.762267
0.346446, 0.681448
2.360179, 0.805567
1.926450, 0.794922
0.650807, 0.272011
2.623310, 0.273751
1.662191, 0.647835
0.453108, 0.114231
2.309488, 0.697012
1.586779, 0.537577
0.542436, 0.788354
2.272164, 0.419141
1.893368, 0.437635
2.362926, 0.198553
1.805536, 0.556194
0.675314, 0.429731
2.655751, 0.062044
1.433485, 0.607331
0.255837, 0.799097
2.206244, 0.461440
1.003540, 0.696335
1.693930, 0.640449
0.717948, 0.373211
2.327036, 0.395520
1.833491, 0.716025
2.654469, 0.333903
1.231758, 0.411206
0.774590, 0.814081
2.303079, 0.178991
1.525834, 0.420508
2.580370, 0.197638
1.284524, 0.493094
0.186834, 0.152226
2.600635, 0.238807
1.822901, 0.691513
2.544786, 0.731437
1.876736, 0.580596
0.815882, 0.595050
2.726218, 0.170263
1.094363, 0.698422
0.440504, 0.144536
2.962584, 0.340495
1.343028, 0.611872
0.078036, 0.535142
2.075411, 0.565172
1.728446, 0.779174
2.271096, 0.464339
1.610492, 0.579608
2.323160, 0.216773
1.391766, 0.678085
0.611713, 0.945860
2.500778, 0.239601
1.084994, 0.417713
2.698325, 0.670431
1.252632, 0.628242
0.242622, 0.389203
2.840022, 0.180822
1.484420, 0.751317
0.434645, 0.096011
2.987060, 0.588549
1.760460, 0.565850
0.145146, 0.766442
2.287790, 0.597003
1.463027, 0.697336
2.608356, 0.899258
1.075991, 0.564226
0.272897, 0.206458
1.370708, 0.703684
0.434004, 0.386456
2.605670, 0.196295
1.745537, 0.574725
0.939390, 0.422529
2.339885, 0.969329
1.990722, 0.613947
0.565294, 0.521958
2.898251, 0.360271
1.712790, 0.562261
0.676778, 0.511002
2.475326, 0.452162
1.599353, 0.545512
0.635517, 0.075900
2.635853, 0.868862
1.262856, 0.722849
0.479415, 0.595691
1.192175, 0.768395
0.134678, 0.532884
1.991272, 0.470595
0.275979, 0.786737
1.219550, 0.572381
0.162297, 0.775567
2.302561, 0.755486
1.392071, 0.681918
0.973632, 0.422651
2.179571, 0.484909
1.676046, 0.709983
2.702414, 0.395978
1.159246, 0.684005
2.753868, 0.479995
1.886715, 0.602557
0.842128, 0.607440
2.423200, 0.853175
1.794366, 0.475625
0.115238, 0.210181
2.191229, 0.291849
1.834803, 0.497415
0.689322, 0.481918
2.776330, 0.190344
1.614673, 0.467226
2.566759, 0.915769
1.373913, 0.562957
0.812983, 0.388134
2.856777, 0.659139
1.755608, 0.428138
0.469375, 0.274972
2.252113, 0.433271
1.168889, 0.709799
0.070589, 0.692740
1.260811, 0.728416
0.924070, 0.273293
1.708853, 0.725083
2.578173, 0.947996
1.854244, 0.762487
0.484390, 0.908475
2.577776, 0.992828
1.236152, 0.507523
0.698752, 0.877529
2.278695, 0.732780
1.487075, 0.442555
0.405927, 0.122227
2.366466, 0.241096
1.935423, 0.790918
0.738487, 0.510788
2.377300, 0.674123
1.254372, 0.448964
0.128880, 0.466597
2.315134, 0.885250
1.225745, 0.543205
0.081362, 0.306223
2.680593, 0.209021
1.774194, 0.724961
0.441511, 0.988433
2.548387, 0.256172
1.500473, 0.628962
0.719199, 0.360485
1.623554, 0.503690
0.153325, 0.584796
2.897855, 0.790124
1.157598, 0.722642
0.452406, 0.695242
2.050356, 0.360363
1.924802, 0.554607
0.121860, 0.297830
2.892941, 0.431532
1.265481, 0.660054
0.629048, 0.416486
2.014100, 0.444197
1.675893, 0.536930
0.976714, 0.517716
1.706534, 0.415723
2.532517, 0.140080
1.918912, 0.547661
0.384381, 0.562548
2.891293, 0.211524
1.143437, 0.693405
2.549974, 0.167119
1.339915, 0.551592
0.198309, 0.604114
2.275338, 0.655873
1.651479, 0.717454
2.205695, 0.323832
1.394421, 0.780895
0.336985, 0.407971
2.819391, 0.311197
1.360363, 0.412452
0.887844, 0.239418
2.333262, 0.365093
1.551714, 0.791662
0.734550, 0.856777
2.320353, 0.952116
1.949736, 0.758727
2.094546, 0.474532
1.752464, 0.665072
0.207343, 0.725394
2.281014, 0.087283
1.342021, 0.710886
0.713065, 0.163427
2.592578, 0.801691
1.672658, 0.440553
0.580432, 0.677114
2.797021, 0.673574
1.436140, 0.467421
1.887997, 0.468459
2.375622, 0.034394
1.225898, 0.678475
2.691763, 0.459456
1.532548, 0.769750
0.196448, 0.695364
2.779778, 0.702689
1.147313, 0.579290
0.316263, 0.874050
2.792566, 0.528459
1.545183, 0.490237
0.281106, 0.458571
2.491379, 0.405957
1.997681, 0.637129
0.067110, 0.252998
2.204321, 0.317118
1.097598, 0.736973
0.520402, 0.735160
1.270913, 0.698837
0.609821, 0.825343
1.297952, 0.683920
1.252907, 0.426746
0.937284, 0.730705
2.612629, 0.251930
1.763329, 0.634870
0.603778, 0.903409
1.719810, 0.610334
0.721671, 0.672842
2.562212, 0.088717
1.155339, 0.730796
0.267403, 0.870754
1.584063, 0.541179
0.877224, 0.605976
2.631947, 0.067110
1.272408, 0.589264
0.873836, 0.805292
2.684408, 0.305307
1.331248, 0.438710
2.576067, 0.359600
1.792108, 0.563372
0.528245, 0.631062
2.330027, 0.528794
1.591845, 0.514200
0.473678, 0.849178
2.159917, 0.644124
1.257973, 0.707724
1.691214, 0.460537
0.749504, 0.305948
2.223853, 0.287851
1.404065, 0.538847
0.493912, 0.072451
1.522202, 0.555364
0.369671, 0.886807
2.850612, 0.219916
1.411237, 0.477883
0.505997, 0.885281
2.413099, 0.517899
1.583514, 0.564885
0.852840, 0.240486
2.979797, 0.462661
1.188665, 0.462490
0.308451, 0.711997
2.346019, 0.133915
1.527909, 0.436024
0.619922, 0.535142
2.313730, 0.789544
1.274667, 0.616010
0.706076, 0.448103
2.622242, 0.037507
1.064028, 0.564348
0.860073, 0.236274
2.857723, 0.479110
1.450392, 0.661104
0.329386, 0.051210
2.321207, 0.632099
1.555345, 0.425245
0.671377, 0.058870
2.938993, 0.633168
1.659932, 0.565325
0.667074, 0.818628
2.761925, 0.829554
1.160070, 0.555950
0.071047, 0.311930
1.331217, 0.706442
0.702078, 0.853572
1.856166, 0.675729
0.968627, 0.354564
2.345134, 0.968657
1.690756, 0.444508
0.495010, 0.690451
2.716117, 0.347606
1.194372, 0.532023
0.695334, 0.381726
1.166204, 0.588714
0.558641, 0.546556
2.559709, 0.923093
1.124027, 0.659737
0.184423, 0.259346
2.454329, 0.728874
1.470962, 0.646113
0.366863, 0.169469
1.734458, 0.441273
0.395245, 0.626606
2.203314, 0.380993
1.463759, 0.739952
0.842494, 0.749321
1.256355, 0.655061
2.191229, 0.463942
1.377575, 0.685006
0.167180, 0.863643
1.166784, 0.699594
0.453841, 0.990326
2.911496, 0.604419
1.511338, 0.507450
0.757378, 0.924833
2.274789, 0.907743
1.741050, 0.480947
0.961486, 0.674276
2.807367, 0.368633
1.978515, 0.496780
0.749992, 0.097751
2.637684, 0.171880
1.896054, 0.751048
0.567888, 0.800623
2.066256, 0.254311
1.605701, 0.677255
0.841639, 0.157262
2.445936, 0.816218
1.668081, 0.684066
2.830164, 0.434767
1.575732, 0.586285
0.825251, 0.253487
2.162603, 0.210700
1.169317, 0.478823
0.265816, 0.515152
2.165593, 0.223457
1.908506, 0.447548
0.667440, 0.054415
2.580126, 0.088992
1.366405, 0.574358
0.080477, 0.413434
2.637349, 0.728446
1.373272, 0.625935
0.470840, 0.234046
2.230750, 0.691733
1.525315, 0.466189
0.950682, 0.592761
2.829218, 0.664449
1.926756, 0.452126
0.164922, 0.774926
2.353740, 0.240028
1.665609, 0.711081
0.848842, 0.192022
2.656056, 0.792474
1.269967, 0.504227
2.512955, 0.457961
1.868587, 0.707346
0.568133, 0.489395
1.618244, 0.633808
0.571612, 0.180700
2.458449, 0.362346
1.782495, 0.638655
0.019776, 0.385510
2.187017, 0.173711
1.277688, 0.624165
0.068575, 0.554613
2.326121, 0.039033
1.168737, 0.568438
0.899411, 0.779382
2.631916, 0.785943
1.122074, 0.567888
2.769066, 0.624348
1.833033, 0.672701
0.816279, 0.555528
1.564104, 0.651692
0.370861, 0.242683
2.113834, 0.209906
1.784722, 0.798498
0.479263, 0.401318
2.849391, 0.379650
1.114078, 0.635566
0.668691, 0.800928
1.968841, 0.535856
2.677755, 0.134404
1.120792, 0.714121
0.342143, 0.256417
2.551653, 0.674276
1.413831, 0.790320
1.787286, 0.447365
0.663228, 0.376507
2.806452, 0.469069
1.139134, 0.443812
2.775262, 0.323740
1.056124, 0.648592
0.449995, 0.454756
2.277627, 0.873318
1.666280, 0.691440
0.174383, 0.569231
2.796838, 0.551012
1.457381, 0.516654
0.448561, 0.539323
2.460768, 0.980041
1.477309, 0.641231
0.524735, 0.907224
1.513291, 0.500479
0.725181, 0.632221
2.247902, 0.919156
1.264077, 0.765087
0.138585, 0.779260
1.793298, 0.782958
0.911679, 0.327647
2.887143, 0.354259
1.312601, 0.587628
2.311960, 0.954772
1.213202, 0.671871
0.648213, 0.858943
2.717063, 0.653615
1.865505, 0.401074
1.672414, 0.785473
1.807001, 0.593353
0.424055, 0.143254
2.509812, 0.893826
1.622517, 0.519950
0.661184, 0.945402
2.843562, 0.831721
1.514054, 0.776830
0.486373, 0.108036
2.759880, 0.911679
1.661397, 0.686520
0.381085, 0.172948
2.113987, 0.815088
1.216773, 0.705551
0.564776, 0.239357
2.272317, 0.637593
1.746574, 0.605499
2.920255, 0.430250
1.712973, 0.768163
0.150304, 0.346721
1.121281, 0.744945
0.721061, 0.752434
1.779321, 0.444044
0.561052, 0.735191
2.561357, 0.749596
1.547380, 0.591278
2.229926, 0.081393
1.124210, 0.510379
0.264718, 0.612476
2.189245, 0.412824
1.938353, 0.439515
0.929533, 0.432142
2.646565, 0.216712
1.224799, 0.587335
0.164159, 0.607379
2.755516, 0.168340
1.986663, 0.790490
0.329875, 0.834468
2.525712, 0.631367
1.892880, 0.609149
0.439589, 0.618366
2.748039, 0.503159
1.879116, 0.442494
1.912931, 0.608466
1.693564, 0.565203
0.264595, 0.540880
2.136448, 0.823939
1.596179, 0.601410
0.425123, 0.281686
2.691061, 0.496048
1.571245, 0.642915
2.075991, 0.629414
1.594592, 0.561003
0.629688, 0.211554
2.526811, 0.345073
1.257973, 0.774853
0.583087, 0.284127
2.697378, 0.109012
1.817927, 0.666341
0.279824, 0.220069
2.786615, 0.223426
1.108737, 0.620124
0.378063, 0.602954
1.798700, 0.614997
0.619709, 0.146550
2.737175, 0.476882
1.148259, 0.674569
0.242775, 0.078524
2.505356, 0.576373
1.347514, 0.586297
0.163274, 0.372539
2.963652, 0.660024
1.282571, 0.567193
2.800104, 0.703574
1.843776, 0.642842
2.392438, 0.842830
1.254311, 0.463674
0.244758, 0.432661
2.499527, 0.014039
1.004303, 0.757775
0.754326, 0.745628
2.073733, 0.637928
1.436048, 0.664339
1.474807, 0.655318
2.567644, 0.417188
1.055422, 0.684164
0.145329, 0.814203
1.086795, 0.452248
0.293893, 0.284433
2.277566, 0.686728
1.945311, 0.502383
2.398267, 0.544633
1.124790, 0.487429
0.257973, 0.206427
2.574664, 0.088534
1.413434, 0.469057
0.192938, 0.239723
2.271859, 0.671133
1.446760, 0.527274
0.253090, 0.868801
1.324747, 0.556182
1.801721, 0.734422
0.597919, 0.199652
2.786554, 0.186895
1.990539, 0.640876
2.713553, 0.235847
1.188604, 0.587249
0.625996, 0.434278
2.850764, 0.516343
1.957671, 0.508048
1.599933, 0.537626
1.292337, 0.460109
0.377911, 0.448225
2.004456, 0.453780
1.993530, 0.594476
0.847774, 0.218390
2.317972, 0.151769
1.451460, 0.421216
0.534928, 0.363506
2.152379, 0.170354
1.837153, 0.620539
1.335765, 0.423597
0.452589, 0.067782
1.068606, 0.530033
0.337565, 0.131626
2.223273, 0.122166
1.618336, 0.763292
0.132725, 0.389111
2.692862, 0.474532
1.816065, 0.774584
2.107974, 0.541581
1.942137, 0.713010
0.197241, 0.459243
2.712821, 0.659291
1.721305, 0.504764
0.666585, 0.253456
2.949126, 0.416639
1.080630, 0.479580
0.083010, 0.504349
2.148198, 0.607837
1.211035, 0.595196
0.799127, 0.734123
1.654958, 0.493252
0.246132, 0.606677
2.900235, 0.672903
1.558428, 0.520170
0.350871, 0.453627
2.632557, 0.385815
1.501389, 0.716697
0.220038, 0.905667
1.079897, 0.667696
0.153356, 0.192358
2.358684, 0.237587
1.283059, 0.460927
0.870785, 0.207068
2.812738, 0.383862
1.310404, 0.679342
0.269478, 0.138005
2.926847, 0.456618
1.439680, 0.595868
0.693106, 0.469375
1.500656, 0.603229
0.220527, 0.579699
2.410413, 0.499832
1.068514, 0.642793
0.491775, 0.135380
2.415510, 0.127232
1.280679, 0.647957
0.707266, 0.119907
2.388226, 0.972076
1.831263, 0.636445
0.290811, 0.778954
2.478072, 0.614216
1.833064, 0.724693
2.475204, 0.409009
1.479568, 0.644111
2.495529, 0.397443
1.419630, 0.765148
0.022950, 0.616108
2.487625, 0.156163
1.093875, 0.629279
0.390210, 0.277383
2.792108, 0.646565
1.605518, 0.602716
0.933103, 0.370739
1.628620, 0.747215
0.595874, 0.028687
2.517228, 0.281747
1.024049, 0.404480
0.942198, 0.367840
2.247261, 0.203803
1.857845, 0.760216
0.531144, 0.544420
1.026704, 0.441542
0.321574, 0.380993
2.384808, 0.367565
1.315165, 0.659798
0.020844, 0.566393
1.061220, 0.784924
0.475265, 0.887020
2.502609, 0.495499
1.321390, 0.783496
0.615345, 0.699087
2.509201, 0.728294
1.122349, 0.515018
2.184606, 0.325419
1.693899, 0.713523
0.724509, 0.382031
2.137852, 0.682791
1.118229, 0.631672
0.460311, 0.827235
1.231330, 0.445204
0.730705, 0.926878
2.178442, 0.439955
1.496902, 0.652510
0.323679, 0.426130
2.680898, 0.426923
1.567522, 0.712278
0.423414, 0.587481
2.501633, 0.990875
1.976073, 0.687204
0.731193, 0.479904
2.852779, 0.425520
1.488296, 0.756737
0.600482, 0.132176
2.817652, 0.659444
1.720237, 0.574822
0.115726, 0.511673
1.304788, 0.430763
2.422742, 0.237983
1.808924, 0.672152
0.910428, 0.395459
2.789422, 0.436842
1.377361, 0.518180
0.657613, 0.715598
2.127293, 0.578051
1.339427, 0.680160
0.224677, 0.702780
1.383465, 0.562859
0.282083, 0.914609
2.459426, 0.354778
1.008393, 0.696286
0.827204, 0.129185
2.803797, 0.742851
1.423505, 0.491787
0.743736, 0.476272
2.737327, 0.224189
1.515458, 0.480044
0.528916, 0.719901
2.137730, 0.842830
1.558306, 0.520048
0.768761, 0.703940
1.632801, 0.719382
0.560411, 0.112583
2.597674, 0.250038
1.872005, 0.425404
0.433576, 0.639271
2.124821, 0.709372
1.284860, 0.685299
0.037172, 0.517014
2.385998, 0.362682
1.653981, 0.679904
0.552995, 0.273049
1.481155, 0.462246
0.106418, 0.649312
2.381207, 0.964751
1.793909, 0.525932
2.157231, 0.599292
1.446577, 0.541911
0.869320, 0.340251
2.187963, 0.450606
1.983093, 0.684469
0.190374, 0.341868
2.881161, 0.498367
1.792627, 0.567583
0.672323, 0.036225
2.509690, 0.082705
1.816584, 0.582696
0.908811, 0.241127
2.260201, 0.410016
1.073519, 0.417029
2.686819, 0.751183
1.389111, 0.588763
0.264534, 0.171361
2.873531, 0.168584
1.570666, 0.610968
0.593616, 0.809717
2.745231, 0.204199
1.479171, 0.740989
0.176702, 0.255715
2.210547, 0.228980
1.649434, 0.434901
0.796960, 0.736442
2.797845, 0.217780
1.914457, 0.459169
0.398663, 0.528581
2.784875, 0.700552
1.532151, 0.761779
2.143620, 0.673788
1.212958, 0.725401
2.554277, 0.461226
1.830500, 0.762780
0.261086, 0.539506
1.093142, 0.421876
0.892453, 0.776299
2.741630, 0.070559
1.681784, 0.694101
0.370098, 0.209967
2.565905, 0.044984
1.946959, 0.713315
0.467605, 0.875149
2.649525, 0.700247
1.832148, 0.746837
0.122257, 0.821070
2.198401, 0.545030
1.869289, 0.761339
2.563158, 0.800958
1.511093, 0.547722
0.550859, 0.071139
2.815088, 0.670461
1.338298, 0.658370
2.334544, 0.724326
1.440657, 0.498172
0.637104, 0.541612
2.597003, 0.602008
1.139470, 0.468667
0.734581, 0.787683
1.822901, 0.739061
2.397961, 0.416517
1.627766, 0.463796
0.668935, 0.523576
2.220588, 0.617481
1.650044, 0.528739
2.349254, 0.647389
1.921232, 0.640156
0.544694, 0.814722
2.050813, 0.638905
1.180273, 0.622016
0.187323, 0.260475
2.911802, 0.503159
1.120182, 0.606000
0.834468, 0.139378
2.610096, 0.015625
1.923612, 0.637202
0.603626, 0.419111
2.219245, 0.213172
1.145604, 0.725620
0.286233, 0.313669
2.769951, 0.673544
1.980956, 0.799060
0.649953, 0.528855
2.055971, 0.468856
1.290017, 0.407862
0.633747, 0.735466
2.039338, 0.477706
1.080752, 0.444972
0.209296, 0.699942
2.313425, 0.429304
1.075442, 0.426881
0.066561, 0.349132
2.545610, 0.665029
1.156438, 0.682003
0.775323, 0.562456
2.268807, 0.260414
1.511643, 0.762255
0.303812, 0.799829
2.446730, 0.981689
1.808741, 0.782092
0.362651, 0.909787
2.529893, 0.675710
1.348186, 0.446217
0.614826, 0.745628
2.869289, 0.244606
1.496353, 0.503079
2.989257, 0.447859
1.414960, 0.505448
0.631214, 0.797143
2.965514, 0.545610
1.799249, 0.723167
0.718833, 0.938505
2.632527, 0.359813
1.643849, 0.484780
0.293466, 0.052309
2.183081, 0.816309
1.597461, 0.575811
0.172643, 0.247505
2.543504, 0.564104
1.865963, 0.440565
0.776086, 0.696127
2.341838, 0.973907
1.510208, 0.673336
1.978057, 0.491018
0.735130, 0.633045
2.610492, 0.365154
1.438063, 0.605927
2.656880, 0.570025
1.571856, 0.611042
0.721488, 0.621876
1.552599, 0.704196
0.871456, 0.504044
2.701712, 0.347301
1.619922, 0.759154
2.311716, 0.391095
1.577105, 0.652351
0.481216, 0.853694
2.590411, 0.444136
1.311899, 0.423963
0.347575, 0.633229
2.599475, 0.924009
1.701956, 0.539738
0.255745, 0.113193
2.943266, 0.348979
1.635121, 0.477578
0.984130, 0.558672
2.464125, 0.967315
1.978484, 0.538127
0.656362, 0.150243
1.792718, 0.423634
0.130741, 0.624989
2.549455, 0.450636
1.535264, 0.792285
0.854549, 0.178228
2.144505, 0.614673
1.053743, 0.727329
0.887936, 0.262642
1.460219, 0.511332
0.422010, 0.061647
2.836390, 0.213782
1.128636, 0.514945
0.468032, 0.355419
2.705313, 0.218604
1.692618, 0.648396
0.108249, 0.358165
2.386975, 0.724235
1.663472, 0.730503
0.396100, 0.013459
2.176122, 0.156896
1.768639, 0.756029
0.299997, 0.315348
2.330241, 0.213477
1.947508, 0.636799
0.626179, 0.598621
2.022370, 0.529923
1.763970, 0.404871
0.255837, 0.541643
2.188177, 0.574175
1.427198, 0.548674
1.277657, 0.553215
0.710227, 0.569597
2.655568, 0.344432
1.120701, 0.685580
0.315806, 0.421583
2.701712, 0.574511
1.800714, 0.454653
1.526353, 0.631391
0.077578, 0.271523
1.312967, 0.691745
0.888668, 0.659566
2.677999, 0.896329
1.119053, 0.488589
0.890927, 0.586962
1.452620, 0.722739
0.438490, 0.848659
1.028626, 0.614570
2.197729, 0.434309
1.101291, 0.729258
0.430219, 0.968352
2.744316, 0.340648
1.993042, 0.627461
2.562609, 0.913541
1.729392, 0.552153
0.517960, 0.174902
2.471175, 0.852840
1.181127, 0.568938
0.582385, 0.265206
2.785974, 0.841487
1.344523, 0.703171
0.456862, 0.923093
2.194037, 0.795495
1.978240, 0.511612
0.899258, 0.761101
2.636586, 0.241676
1.387463, 0.639888
2.254067, 0.416303
1.328135, 0.698459
0.484298, 0.435530
2.158605, 0.537675
1.419019, 0.491507
0.410413, 0.616199
2.496292, 0.615314
1.725913, 0.501700
0.799188, 0.143223
2.568590, 0.237617
1.941679, 0.622810
0.445936, 0.321818
2.323710, 0.157353
1.454299, 0.688815
0.286538, 0.460067
2.927641, 0.292428
1.199774, 0.423975
0.470717, 0.551225
1.158513, 0.483010
0.291360, 0.294107
2.182806, 0.346751
1.301981, 0.713645
0.727287, 0.929991
1.352428, 0.705795
0.366802, 0.342692
2.671438, 0.601001
1.509720, 0.742784
0.598437, 0.514145
2.377361, 0.364360
1.950072, 0.488955
0.808954, 0.863613
2.681997, 0.503769
1.035279, 0.586834
0.541337, 0.363414
2.801325, 0.159490
1.416517, 0.443751
0.763451, 0.729881
1.193793, 0.713645
0.203070, 0.569323
2.522416, 0.243507
1.631550, 0.574456
0.748527, 0.236061
2.190313, 0.503952
1.251961, 0.714597
0.811640, 0.457167
1.059786, 0.624055
0.937376, 0.625660
2.237007, 0.465529
1.818323, 0.586676
0.436018, 0.180700
2.300760, 0.442091
1.321574, 0.739415
2.921628, 0.499069
1.117771, 0.552715
0.209296, 0.428083
2.487594, 0.202155
1.757591, 0.543498
0.158635, 0.231513
1.995117, 0.407385
0.108341, 0.457808
2.754875, 0.719565
1.081698, 0.502127
0.367962, 0.388836
2.972015, 0.618580
1.990448, 0.776623
0.383740, 0.183660
2.864772, 0.697501
1.715293, 0.472756
0.518326, 0.911130
2.194037, 0.458907
1.330729, 0.477578
0.234016, 0.526963
1.896970, 0.522770
2.738060, 0.715659
1.181372, 0.767211
0.817866, 0.755516
2.632130, 0.630299
1.161412, 0.504837
0.565050, 0.280190
2.445814, 0.966338
1.000763, 0.666268
1.281289, 0.676778
1.342601, 0.546867
0.308695, 0.857997
2.330180, 0.328227
1.265481, 0.653475
0.566820, 0.421430
2.094119, 0.270028
1.948973, 0.570660
0.547502, 0.731651
2.413526, 0.541337
1.508072, 0.578289
0.954680, 0.455641
2.388409, 0.225745
1.478195, 0.765368
0.072848, 0.571764
2.525529, 0.665853
1.681082, 0.601593
0.397717, 0.224281
2.935575, 0.585925
1.711417, 0.527055
0.413617, 0.293191
2.917234, 0.461531
1.465499, 0.553655
0.812860, 0.544725
2.079714, 0.428816
1.581103, 0.735789
0.476943, 0.152440
2.384838, 0.342082
1.713675, 0.699765
1.865902, 0.671847
0.550615, 0.115970
2.040559, 0.437330
1.137150, 0.664754
0.831751, 0.740074
2.311563, 0.556719
1.894986, 0.520499
0.393109, 0.964232
2.874416, 0.282601
1.113773, 0.614606
0.769158, 0.320292
1.106052, 0.452358
2.450850, 0.103854
1.707450, 0.582550
0.287881, 0.786493
2.127171, 0.647847
1.800714, 0.667086
0.179388, 0.538255
2.584033, 0.167028
1.494766, 0.427235
0.818690, 0.234748
2.244423, 0.157994
1.940580, 0.587872
0.411634, 0.018769
2.335307, 0.160863
1.291940, 0.710459
2.502945, 0.565935
1.328318, 0.794238
0.285318, 0.756554
1.375896, 0.581744
0.863918, 0.608020
1.017365, 0.680526
0.904843, 0.252358
2.663167, 0.587481
1.293069, 0.557793
0.974425, 0.466536
2.141514, 0.621052
1.293527, 0.627766
0.482284, 0.160344
2.461531, 0.295450
1.850276, 0.683566
1.072909, 0.476247
0.668050, 0.671499
1.380444, 0.763231
2.889676, 0.315806
1.059572, 0.686471
0.719047, 0.383801
1.877895, 0.747948
0.313974, 0.785455
2.267739, 0.706442
1.506455, 0.775719
2.380474, 0.027406
1.096286, 0.768236
0.674764, 0.271584
2.781304, 0.216468
1.923917, 0.618110
0.602222, 0.712577
1.203406, 0.498392
2.608509, 0.117466
1.579028, 0.795276
0.601428, 0.073122
2.723075, 0.079684
1.086062, 0.540458
2.705405, 0.948973
1.129826, 0.785351
0.501755, 0.767357
1.899411, 0.715134
0.573534, 0.083682
1.237953, 0.777856
2.313761, 0.884304
1.953856, 0.747264
2.699149, 0.319926
1.503433, 0.701682
0.281289, 0.312540
2.529130, 0.004578
1.534013, 0.633454
0.504990, 0.078677
2.199164, 0.247932
1.565874, 0.653987
0.612506, 0.865230
2.831904, 0.415082
1.742729, 0.579046
0.011078, 0.561022
2.865596, 0.563005
1.715018, 0.717356
0.653798, 0.189825
2.518326, 0.357280
1.964232, 0.592267
0.294015, 0.142155
1.855037, 0.752660
0.854305, 0.221870
2.433851, 0.839473
1.040376, 0.422791
2.916929, 0.709677
1.166021, 0.555315
0.161901, 0.376751
1.753563, 0.732469
0.755089, 0.217627
2.513260, 0.917692
1.306497, 0.562261
0.596118, 0.206915
2.390027, 0.608142
1.709555, 0.585430
0.549821, 0.177374
2.342204, 0.085574
1.500687, 0.697189
0.783441, 0.170293
2.554857, 0.056246
1.215217, 0.545366
0.699210, 0.883480
2.657796, 0.148015
1.354350, 0.741600
2.346294, 0.670034
1.243446, 0.467275
0.122410, 0.583636
1.742821, 0.619147
0.161840, 0.495499
2.678213, 0.947783
1.080081, 0.471194
0.945982, 0.317789
1.614978, 0.780737
0.316294, 0.649983
2.211005, 0.811975
1.746239, 0.585553
0.053865, 0.642445
2.538926, 0.149571
1.057314, 0.677889
0.461776, 0.339061
1.789514, 0.747484
0.960051, 0.388318
2.429487, 0.528672
1.461135, 0.711972
0.556444, 0.283486
2.666433, 0.123722
1.538499, 0.647700
2.435194, 0.174017
1.137181, 0.446571
0.849391, 0.307932
2.452010, 0.485427
1.413434, 0.707468
2.691916, 0.109226
1.221351, 0.470803
2.305673, 0.587786
1.387707, 0.474917
0.275765, 0.792291
2.666066, 0.967772
1.215033, 0.700754
0.597858, 0.312815
1.193243, 0.528642
0.569811, 0.770775
2.295541, 0.945067
1.004028, 0.506827
2.394330, 0.794092
1.363811, 0.575567
0.086856, 0.344829
1.699850, 0.654292
0.818049, 0.376965
2.655629, 0.634510
1.709952, 0.631086
0.801019, 0.824549
2.653829, 0.026460
1.146733, 0.444667
0.618091, 0.259896
2.257149, 0.780053
1.319437, 0.768578
0.321574, 0.402570
2.115482, 0.208106
1.438765, 0.445338
0.813623, 0.569567
1.676809, 0.725974
0.718986, 0.052919
2.408185, 0.284402
1.290323, 0.594989
0.395367, 0.241523
1.995636, 0.456911
0.266152, 0.680929
1.603748, 0.472256
2.172430, 0.838557
1.357646, 0.513932
0.439924, 0.494217
1.078219, 0.715329
0.448408, 0.368145
2.595782, 0.391400
1.752159, 0.551054
2.835871, 0.868679
1.203253, 0.779540
0.818873, 0.323588
1.609607, 0.433583
0.670431, 0.040254
2.569933, 0.482711
1.480697, 0.421082
2.247597, 0.637104
1.923063, 0.642329
2.358074, 0.923185
1.219062, 0.493741
0.350200, 0.405927
2.864406, 0.605579
1.551225, 0.459890
0.719260, 0.401379
2.225318, 0.515000
1.743950, 0.446498
0.262734, 0.210395
2.174169, 0.457686
1.797052, 0.626460
0.326670, 0.054109
2.707358, 0.152440
1.367962, 0.509452
0.786279, 0.400586
1.855312, 0.552641
0.134098, 0.196295
2.608783, 0.399792
1.964446, 0.755516
0.467452, 0.556688
2.672018, 0.100192
1.223060, 0.776916
0.091067, 0.516037
2.755486, 0.609058
1.488327, 0.625251
0.602832, 0.985900
2.946928, 0.383068
1.666982, 0.754894
2.834651, 0.774682
1.288034, 0.702744
0.795770, 0.426344
2.542253, 0.923032
1.840724, 0.668404
0.640614, 0.218848
2.916837, 0.342692
1.552080, 0.729539
0.726432, 0.112522
2.429975, 0.278420
1.146641, 0.541350
0.642415, 0.517899
2.753136, 0.694327
1.734275, 0.444435
0.728263, 0.420606
1.935606, 0.550285
0.663656, 0.421735
2.441450, 0.521439
1.301218, 0.436598
0.264901, 0.812586
2.363933, 0.432997
1.637898, 0.616889
0.506119, 0.382122
2.555925, 0.814112
1.645619, 0.799390
0.901364, 0.298105
2.322184, 0.514634
1.920072, 0.770043
0.237831, 0.840968
2.332804, 0.677664
1.509629, 0.772485
2.667135, 0.915952
1.460524, 0.764928
0.924894, 0.409986
1.761559, 0.759850
2.337138, 0.616108
1.438398, 0.446632
0.779290, 0.802301
1.869778, 0.710898
0.681997, 0.193091
2.162847, 0.706717
1.328532, 0.545866
0.066561, 0.484451
2.296274, 0.255867
1.917875, 0.652510
0.927519, 0.625507
2.583422, 0.618000
1.097446, 0.594049
0.616901, 0.518326
2.880398, 0.225623
1.504379, 0.559246
2.028474, 0.347392
1.392987, 0.445595
0.283364, 0.560839
2.523576, 0.294473
1.370983, 0.549443
2.310465, 0.658589
1.822108, 0.494644
0.191473, 0.490860
2.323099, 0.468947
1.103214, 0.594501
0.475021, 0.608386
2.869747, 0.720054
1.910154, 0.673861
0.123295, 0.631733
2.800653, 0.208777
1.747002, 0.729014
0.091342, 0.600879
2.217566, 0.151769
1.835658, 0.522660
2.916410, 0.760033
1.684866, 0.549138
2.419874, 0.949034
1.534227, 0.412671
1.615955, 0.586785
0.228156, 0.507309
1.265297, 0.617573
0.444807, 0.947661
2.076083, 0.519608
1.983184, 0.747093
0.915342, 0.588214
2.864010, 0.428327
1.235572, 0.714890
0.289621, 0.577624
1.691183, 0.796558
0.854152, 0.684164
2.313669, 0.442854
1.372753, 0.407593
0.107791, 0.252480
2.604236, 0.634358
1.459334, 0.489676
0.752678, 0.570757
1.843562, 0.652486
0.547197, 0.057497
1.653279, 0.721177
0.400067, 0.882107
2.880856, 0.254585
1.409467, 0.583135
0.249733, 0.134739
2.982299, 0.577929
1.938383, 0.491568
0.299631, 0.586138
2.753685, 0.101230
1.214393, 0.715073
0.688681, 0.546434
2.520768, 0.765160
1.599597, 0.673580
0.296304, 0.477859
2.532945, 0.101291
1.097293, 0.720164
2.288949, 0.657155
1.870937, 0.566692
0.291665, 0.408582
2.496231, 0.427259
1.024384, 0.658345
0.292520, 0.070742
2.326792, 0.049715
1.118290, 0.627668
0.640919, 0.470443
2.394116, 0.247017
1.733909, 0.753673
0.857875, 0.391308
2.743248, 0.383068
1.219916, 0.564177
0.325053, 0.854579
2.750267, 0.198035
1.187689, 0.602484
0.328410, 0.108219
2.790918, 0.892972
1.987548, 0.579302
0.492416, 0.602069
2.483810, 0.895413
1.923215, 0.501138
0.922605, 0.743431
1.972411, 0.554302
0.462661, 0.966155
2.697989, 0.941069
1.899411, 0.580645
0.543962, 0.427595
2.571429, 0.425184
1.499863, 0.557158
0.787957, 0.604358
2.978210, 0.404492
1.930876, 0.435963
0.436781, 0.308298
2.304544, 0.941923
1.276131, 0.664412
0.464095, 0.319742
1.303323, 0.537309
0.476485, 0.053713
2.683828, 0.330638
1.411206, 0.683749
0.886135, 0.569414
2.097079, 0.626637
1.664754, 0.510880
1.201361, 0.564885
0.641469, 0.459670
2.713370, 0.649281
1.785272, 0.776806
0.089633, 0.357219
2.230995, 0.655904
1.515336, 0.486282
0.735069, 0.445936
2.615589, 0.373211
1.280435, 0.631404
0.445051, 0.603748
2.231025, 0.403760
1.127598, 0.605060
0.339640, 0.456740
2.177831, 0.697317
1.890713, 0.461684
2.758934, 0.743675
1.842891, 0.657698
0.665304, 0.660207
1.411634, 0.779260
0.526902, 0.344340
2.374737, 0.903256
1.755211, 0.599127
0.041810, 0.591815
2.403241, 0.062899
1.867946, 0.561235
0.540056, 0.622028
2.237007, 0.291147
1.485641, 0.467483
0.807825, 0.862331
2.173559, 0.145116
1.025636, 0.785852
1.742210, 0.662166
2.424451, 0.840449
1.835932, 0.449843
0.917081, 0.612354
2.663564, 0.533891
1.045808, 0.422718
0.136906, 0.797205
2.895199, 0.522446
1.903958, 0.555657
0.285989, 0.312845
2.255470, 0.332133
1.966033, 0.495975
0.090335, 0.426466
2.544603, 0.944853
1.577380, 0.555449
0.702841, 0.392682
2.296335, 0.554094
1.710196, 0.578948
0.138310, 0.300729
1.747429, 0.739732
0.289041, 0.086642
2.784356, 0.597034
1.410077, 0.725083
0.793817, 0.640584
2.159215, 0.638752
1.956664, 0.658016
0.418775, 0.785485
2.507889, 0.714438
1.949339, 0.501163
0.102054, 0.420820
2.927854, 0.330973
1.907132, 0.659041
0.042543, 0.439833
2.708029, 0.403516
1.675710, 0.682662
0.801508, 0.263924
2.205420, 0.184942
1.962767, 0.637935
2.266213, 0.216590
1.841884, 0.474685
0.040437, 0.663533
1.739555, 0.677999
0.872066, 0.219886
1.118595, 0.646443
0.745140, 0.256722
2.236213, 0.623737
1.377300, 0.474465
0.597156, 0.212287
2.240028, 0.784845
1.023682, 0.766173
0.231056, 0.364086
1.587085, 0.627839
0.226783, 0.528306
1.610889, 0.524686
0.152654, 0.515793
2.119633, 0.675100
1.067415, 0.694211
0.632862, 0.424970
2.529374, 0.474502
1.262154, 0.534477
0.384655, 0.183050
2.190252, 0.759636
1.383648, 0.680123
0.128910, 0.373028
2.554277, 0.259499
1.927488, 0.592132
0.928495, 0.433241
2.363079, 0.766259
1.903867, 0.469497
0.643696, 0.912107
2.020966, 0.605823
1.655293, 0.791650
0.438246, 0.727500
2.484451, 0.965941
1.885067, 0.670077
0.247566, 0.445631
2.374859, 0.709922
1.758019, 0.675875
0.459151, 0.579943
1.303781, 0.566851
0.376782, 0.943907
2.368816, 0.822382
1.455977, 0.613849
1.524400, 0.670125
0.598315, 0.023804
2.698355, 0.717582
1.343577, 0.591351
0.343669, 0.514298
2.475906, 0.351726
1.398938, 0.745445
0.259621, 0.374798
2.599536, 0.274606
1.521378, 0.602289
0.257149, 0.754204
2.914853, 0.260475
1.892666, 0.413257
1.738273, 0.628291
0.749107, 0.715659
2.224372, 0.232307
1.828455, 0.405469
0.536637, 0.233161
2.342967, 0.928648
1.386853, 0.794165
0.914212, 0.522355
2.310587, 0.218543
1.844172, 0.766540
0.359905, 0.027009
2.598254, 0.969146
1.696127, 0.486575
0.390912, 0.642994
1.156835, 0.486660
0.031007, 0.436110
1.965361, 0.623566
0.215491, 0.704886
2.046327, 0.532243
1.226966, 0.454457
0.576342, 0.808771
2.784112, 0.345531
1.182592, 0.662288
2.587878, 0.967833
1.917112, 0.616681
0.531449, 0.629414
2.660726, 0.510544
1.871700, 0.532511
2.401807, 0.249062
1.238380, 0.432447
0.409406, 0.489242
2.652760, 0.661580
1.511551, 0.683541
0.245888, 0.636158
2.796594, 0.815271
1.278512, 0.709555
0.803705, 0.152348
1.371593, 0.431751
0.210089, 0.732902
2.887844, 0.348308
1.405377, 0.710263
2.502152, 0.066286
1.106723, 0.596503
0.206549, 0.795373
1.339671, 0.614142
0.227454, 0.127506
2.556230, 0.209174
1.956053, 0.611811
2.758049, 0.205817
1.190222, 0.425440
0.033509, 0.644124
2.879849, 0.584948
1.888638, 0.501285
0.234565, 0.859523
2.394269, 0.711295
1.046449, 0.612543
0.058107, 0.675649
2.303232, 0.258827
1.540452, 0.703879
0.881924, 0.759087
2.145482, 0.183996
1.220740, 0.766784
2.251015, 0.114902
1.286142, 0.537870
0.369823, 0.439497
2.052431, 0.475814
1.735130, 0.768554
0.313303, 0.255501
2.664174, 0.464461
1.288919, 0.690732
0.417035, 0.621174
2.824641, 0.346416
1.145878, 0.747691
0.184973, 0.727226
2.291482, 0.546861
1.873318, 0.522111
0.208411, 0.102512
2.507614, 0.836299
1.299936, 0.726084
0.284707, 0.128727
2.443953, 0.641621
1.063356, 0.767748
2.597736, 0.297830
1.116214, 0.629682
0.952513, 0.586016
1.631062, 0.431593
0.258156, 0.305460
2.447615, 0.553362
1.986602, 0.757628
0.674825, 0.949644
2.394482, 0.390149
1.497848, 0.453737
0.114933, 0.695822
2.306772, 0.148991
1.889401, 0.595819
2.268929, 0.247414
1.833857, 0.541618
0.919187, 0.453597
2.840297, 0.172857
1.809778, 0.462648
0.358531, 0.480056
2.070009, 0.527787
1.697745, 0.551982
0.791711, 0.577288
2.470168, 0.606525
1.560472, 0.674129
0.623615, 0.551347
1.561510, 0.411145
2.382488, 0.678335
1.596423, 0.716111
0.770043, 0.429304
2.307627, 0.648762
1.563890, 0.761083
0.433973, 0.296121
2.544420, 0.187597
1.917631, 0.711057
0.460952, 0.880093
1.835810, 0.718699
0.394086, 0.174841
2.574541, 0.268136
1.653462, 0.466787
0.914426, 0.418867
2.332652, 0.807428
1.741997, 0.535954
0.407300, 0.923948
2.810816, 0.559984
1.422407, 0.794861
0.891140, 0.722037
2.088534, 0.448073
1.382275, 0.748302
0.043367, 0.577715
2.419202, 0.258095
1.060976, 0.785815
2.489334, 0.326731
1.196600, 0.798779
0.197760, 0.795129
1.815394, 0.529106
0.195990, 0.305734
2.541673, 0.378124
1.016907, 0.725474
0.310678, 0.577349
2.746086, 0.108615
1.590075, 0.565032
0.722037, 0.229987
2.595996, 0.731986
1.410566, 0.499832
0.205329, 0.127995
1.346446, 0.756102
0.491989, 0.981109
2.149754, 0.678793
1.657918, 0.603107
0.639149, 0.574755
2.160802, 0.577105
1.245857, 0.665523
0.105472, 0.289285
1.209052, 0.428602
0.161504, 0.770928
1.630421, 0.530253
0.429426, 0.121403
2.820063, 0.546464
1.962310, 0.497403
0.371960, 0.895901
1.435438, 0.515970
0.060701, 0.669027
2.812037, 0.789239
1.208930, 0.674569
2.449721, 0.116916
1.127384, 0.541630
0.516617, 0.151006
2.431990, 0.885647
1.587725, 0.773876
0.107791, 0.725181
2.626484, 0.671682
1.760826, 0.761119
0.498184, 0.399487
2.878597, 0.655446
1.892850, 0.538188
0.387066, 0.881680
2.586077, 0.269173
1.248268, 0.589288
0.069094, 0.697439
2.380383, 0.679952
1.079196, 0.583197
0.681326, 0.164129
2.061617, 0.418653
1.436934, 0.760216
2.895627, 0.578234
1.308573, 0.491873
0.289590, 0.661031
2.330210, 0.161290
1.085330, 0.704770
0.783959, 0.868770
2.743217, 0.488449
1.380749, 0.447218
0.768548, 0.415082
2.626392, 0.205084
1.334635, 0.535441
0.679708, 0.505112
2.259682, 0.473098
1.393109, 0.590875
0.617969, 0.740654
2.065310, 0.530198
1.767479, 0.725523
0.938841, 0.656056
1.972259, 0.494864
1.648610, 0.770397
2.099521, 0.684439
1.921995, 0.534257
0.906583, 0.685232
2.593310, 0.482131
1.440870, 0.718345
0.216407, 0.460677
1.630909, 0.748057
0.403363, 0.642109
2.136631, 0.342662
1.190344, 0.458425
0.594440, 0.366619
1.083407, 0.575823
0.654286, 0.791131
2.646229, 0.957457
1.874386, 0.652815
0.153417, 0.746574
2.373760, 0.137028
1.818262, 0.657674
0.709525, 0.928587
2.393078, 0.034364
1.306131, 0.601202
0.578692, 0.745048
2.389477, 0.554552
1.677664, 0.485012
0.117466, 0.707358
1.689932, 0.524735
0.214972, 0.817621
2.717551, 0.462111
1.691733, 0.689523
0.632344, 0.890042
2.674490, 0.626545
1.420057, 0.757018
2.456465, 0.948607
1.941008, 0.557939
0.727866, 0.181585
2.352306, 0.074068
1.218177, 0.529557
0.493759, 0.720115
2.743004, 0.339488
1.741386, 0.760204
2.410230, 0.029908
1.201880, 0.439332
0.155919, 0.290628
2.818995, 0.371685
1.995148, 0.678219
2.476669, 0.700217
1.978851, 0.485830
2.154759, 0.198096
1.051607, 0.723093
2.673055, 0.850887
1.360088, 0.565166
2.723045, 0.941343
1.921445, 0.627961
0.877102, 0.640492
2.466872, 0.624012
1.786126, 0.508658
0.781701, 0.204810
1.187963, 0.504276
0.480026, 0.366466
1.059786, 0.553533
0.432722, 0.927641
1.459975, 0.448708
0.668233, 0.079196
2.257271, 0.303964
1.479324, 0.533085
0.156957, 0.462172
1.708731, 0.688485
1.965819, 0.673898
0.766289, 0.339183
2.069613, 0.325327
1.333903, 0.452358
0.322062, 0.351360
2.907956, 0.446760
1.278207, 0.687582
0.255104, 0.580859
2.773125, 0.271218
1.301675, 0.755028
2.681570, 0.262673
1.910489, 0.444569
0.621998, 0.610828
2.000397, 0.510971
1.198675, 0.482119
0.291910, 0.264809
2.491195, 0.347148
1.763512, 0.517447
0.669881, 0.228736
2.226966, 0.494430
1.545915, 0.563726
0.526780, 0.267830
2.615375, 0.807459
1.186743, 0.681234
0.128513, 0.618000
2.285134, 0.077670
1.216132, 0.423426
0.839442, 0.827876
2.603381, 0.352641
1.482376, 0.658296
2.710105, 0.859798
1.298441, 0.690866
0.483810, 0.754967
1.466170, 0.795251
2.673879, 0.755882
1.253883, 0.764879
0.827357, 0.870144
2.501724, 0.453536
1.178869, 0.559416
0.637959, 0.468245
1.705924, 0.415101
0.214576, 0.789575
2.380566, 0.262764
1.341685, 0.542228
2.058870, 0.474197
1.709342, 0.409192
0.137577, 0.788751
1.649464, 0.657308
0.040010, 0.536912
1.841426, 0.553459
0.806452, 0.465255
1.495773, 0.620392
0.638783, 0.788476
2.080050, 0.543352
1.959136, 0.534159
0.714225, 0.419477
2.184454, 0.530076
1.223334, 0.599017
0.479720, 0.018708
2.745354, 0.633839
1.966124, 0.747215
0.289651, 0.671468
1.493393, 0.519010
0.224036, 0.429121
2.355541, 0.964568
1.433180, 0.503519
2.767479, 0.758354
1.868160, 0.715671
0.282357, 0.511917
2.761589, 0.499924
1.416028, 0.797815
0.618091, 0.152348
2.388897, 0.498489
1.199835, 0.416858
0.066103, 0.671102
2.336985, 0.863186
1.314035, 0.627961
0.386547, 0.454848
2.382275, 0.641957
1.920194, 0.745811
0.342265, 0.532792
1.113712, 0.452882
0.274331, 0.690298
2.110324, 0.762230
1.823878, 0.730686
1.860958, 0.576019
0.817743, 0.313822
2.515610, 0.607257
1.440046, 0.608942
0.321909, 0.918149
2.241981, 0.141301
1.705039, 0.442140
0.500595, 0.414380
2.209845, 0.206671
1.585528, 0.513565
0.355510, 0.126102
2.900540, 0.691336
1.359233, 0.635029
0.647359, 0.410779
2.260323, 0.887478
1.193060, 0.428883
0.476180, 0.352428
2.321940, 0.530107
1.320719, 0.763292
0.153813, 0.234199
2.517472, 0.666189
1.009186, 0.703415
1.694388, 0.622065
0.649678, 0.215857
1.254677, 0.607245
2.384686, 0.044374
1.963378, 0.617988
0.186285, 0.398297
1.841639, 0.621406
0.143803, 0.836909
1.551317, 0.444887
0.043855, 0.489395
2.680990, 0.273202
1.241035, 0.746861
0.610523, 0.384136
2.946196, 0.429212
1.518845, 0.797827
0.751183, 0.177709
2.566179, 0.624470
1.594684, 0.520402
0.674306, 0.547929
2.035768, 0.477920
1.238716, 0.712864
2.303476, 0.687521
1.164403, 0.625214
0.230384, 0.085543
2.107974, 0.297952
1.393262, 0.520170
0.932829, 0.674825
1.713614, 0.583367
0.077578, 0.457472
1.137974, 0.597882
0.242439, 0.535386
2.578936, 0.588977
1.913633, 0.417884
2.475143, 0.378307
1.774590, 0.714206
0.102359, 0.756645
2.517777, 0.946806
1.369701, 0.771862
0.388226, 0.223731
2.703848, 0.941984
1.777764, 0.545354
0.596698, 0.619098
2.806299, 0.717185
1.359539, 0.572002
0.358287, 0.257363
2.699301, 0.883511
1.519272, 0.556780
2.444105, 0.484878
1.878567, 0.724412
0.188177, 0.487533
1.532884, 0.635102
0.403546, 0.911008
2.336039, 0.282662
1.085604, 0.529655
0.439497, 0.781762
1.664174, 0.458400
0.831324, 0.443098
1.742821, 0.505033
1.948820, 0.592291
0.876553, 0.313578
2.831721, 0.181555
1.743217, 0.701328
0.551347, 0.431562
2.190191, 0.549944
1.563128, 0.699179
0.515885, 0.758049
2.354167, 0.216742
1.320231, 0.601569
0.266701, 0.147526
2.165105, 0.129795
1.690695, 0.648421
0.556841, 0.371136
2.156560, 0.335490
1.032228, 0.489370
0.359905, 0.657888
2.629444, 0.654836
1.648701, 0.514701
0.524735, 0.820551
2.005036, 0.432539
1.116642, 0.774218
2.338664, 0.461715
1.117679, 0.452199
0.481491, 0.765679
1.306497, 0.761412
0.666555, 0.130772
2.731498, 0.688894
1.818873, 0.432032
0.869747, 0.700400
2.351421, 0.244118
1.703970, 0.553899
0.239021, 0.253578
1.482101, 0.430519
2.441969, 0.136845
1.804193, 0.773791
0.482284, 0.516465
2.400006, 0.234107
1.448897, 0.655635
0.107303, 0.458785
1.263070, 0.590728
0.447554, 0.794641
2.189886, 0.551500
1.753716, 0.799390
2.858791, 0.563707
1.503342, 0.745006
0.726951, 0.379681
1.027802, 0.703293
2.356395, 0.899258
1.751823, 0.452467
0.540757, 0.092532
2.325571, 0.771416
1.068850, 0.624836
0.554186, 0.777215
2.165929, 0.359264
1.602405, 0.479165
0.553331, 0.211158
1.420362, 0.692038
0.216559, 0.788934
2.640156, 0.890805
1.698050, 0.472915
0.761101, 0.181433
2.195654, 0.590381
1.804743, 0.533915
0.619221, 0.460005
2.401685, 0.045381
1.625599, 0.439405
0.296579, 0.579852
2.413678, 0.413465
1.753533, 0.674154
0.623127, 0.342021
2.893124, 0.703818
1.617450, 0.450392
0.492325, 0.296915
1.278634, 0.675594
2.249458, 0.833583
1.153356, 0.471328
0.048219, 0.410230
2.490707, 0.005066
1.928434, 0.423011
0.577929, 0.978454
2.336619, 0.748589
1.056612, 0.796155
0.646138, 0.715567
2.674123, 0.967437
1.072115, 0.731675
0.769890, 0.536210
2.299539, 0.839625
1.177953, 0.576458
0.855556, 0.384808
2.826777, 0.870144
1.756829, 0.469106
0.817286, 0.344920
2.464064, 0.243995
1.261086, 0.532817
0.673910, 0.719993
2.659413, 0.230720
1.980224, 0.777795
2.935820, 0.423688
1.083804, 0.535624
0.545671, 0.471267
2.170934, 0.804163
1.723136, 0.785961
0.379742, 0.806116
2.740226, 0.120121
1.468093, 0.542851
0.203375, 0.688650
1.585742, 0.594305
0.231361, 0.787835
2.847407, 0.655049
1.253059, 0.782495
0.174902, 0.575030
2.584490, 0.291330
1.370830, 0.725974
1.824763, 0.466921
0.300424, 0.310648
2.875118, 0.425153
1.458357, 0.627241
0.332957, 0.089572
1.295999, 0.526908
0.102878, 0.316385
2.108798, 0.500626
1.314402, 0.606525
0.648244, 0.537004
2.024415, 0.578967
1.930845, 0.452443
0.355754, 0.925657
2.824000, 0.786798
1.978973, 0.599237
0.141697, 0.644551
2.225013, 0.546129
1.906461, 0.728404
0.691794, 0.932981
2.058290, 0.406598
1.875912, 0.545781
0.392529, 0.777795
2.861507, 0.448073
1.006928, 0.551921
0.596606, 0.988617
2.040437, 0.636402
1.788812, 0.570489
1.342448, 0.719578
0.630604, 0.307108
1.346812, 0.548686
0.622486, 0.797601
1.687368, 0.571416
0.223457, 0.659688
2.758751, 0.126499
1.863735, 0.449672
0.445570, 0.116062
2.871975, 0.787957
1.531510, 0.479592
1.874660, 0.642891
0.595569, 0.429365
2.960601, 0.481491
1.437941, 0.769030
0.171850, 0.519150
2.078097, 0.440138
1.213385, 0.754906
0.669546, 0.057039
2.753380, 0.402051
1.801172, 0.557573
0.268075, 0.119419
2.350688, 0.181341
1.974792, 0.664669
0.129460, 0.450606
2.883419, 0.186895
1.599322, 0.603265
0.498978, 0.407086
2.442976, 0.349223
1.205451, 0.624616
0.269295, 0.667226
2.862545, 0.751335
1.234504, 0.446034
0.646596, 0.541551
1.667013, 0.494913
2.389203, 0.739677
1.054598, 0.731541
0.395459, 0.388379
2.748680, 0.898373
1.514908, 0.678597
0.873928, 0.227210
2.853877, 0.384442
1.650502, 0.604364
0.758110, 0.618793
2.467879, 0.413617
1.237434, 0.744993
0.959136, 0.470199
2.885128, 0.242683
1.522538, 0.658528
0.822077, 0.842402
1.698111, 0.728843
0.295785, 0.092898
2.280801, 0.777856
1.209632, 0.532206
0.663778, 0.241829
2.277688, 0.849818
1.625111, 0.692770
2.167516, 0.255989
1.475387, 0.434718
0.771447, 0.678030
2.025636, 0.434339
1.392132, 0.740513
0.323496, 0.316599
2.732475, 0.925687
1.644246, 0.492947
0.821924, 0.735099
2.219062, 0.789300
1.433729, 0.668453
0.239174, 0.816736
2.371288, 0.949126
1.681936, 0.404761
0.154698, 0.673360
2.740776, 0.775597
1.139073, 0.642891
0.139683, 0.393078
2.595599, 0.054628
1.113987, 0.487112
0.787072, 0.759117
1.568377, 0.490616
0.581347, 0.104770
2.544084, 0.378368
1.375469, 0.605939
0.313456, 0.940580
2.470382, 0.707755
1.834986, 0.590313
0.364299, 0.130772
2.441023, 0.463881
1.686483, 0.475832
0.534318, 0.337718
2.714988, 0.820002
1.497299, 0.752123
0.810358, 0.311930
1.046632, 0.616584
0.156194, 0.515854
2.820856, 0.267220
1.804376, 0.473098
0.722221, 0.647816
2.035524, 0.489700
1.442518, 0.654292
0.408582, 0.010590
1.138524, 0.555962
0.118290, 0.467483
2.371105, 0.644063
1.861599, 0.654537
2.607166, 0.489547
1.499252, 0.678500
0.336497, 0.493027
2.978607, 0.595538
1.206763, 0.575091
0.698660, 0.110446
2.622883, 0.347545
1.371654, 0.501346
0.601154, 0.513932
2.602130, 0.273537
1.704855, 0.725596
0.558061, 0.769066
2.333354, 0.967956
1.823481, 0.501602
0.646260, 0.892209
2.964019, 0.586657
1.903104, 0.721812
0.836604, 0.165471
2.500778, 0.237373
1.174505, 0.519535
0.489334, 0.615589
2.479202, 0.654897
1.847224, 0.621918
0.749779, 0.197638
2.298105, 0.537004
1.081820, 0.606317
2.666646, 0.950194
1.535051, 0.532316
0.221747, 0.426588
2.541795, 0.418806
1.384960, 0.559795
1.238929, 0.770482
0.539079, 0.490310
2.325022, 0.081240
1.554399, 0.736277
0.571276, 0.991455
2.254128, 0.319803
1.791437, 0.472292
0.670248, 0.519822
2.645039, 0.862331
1.087527, 0.525370
0.832972, 0.477248
1.427412, 0.731504
0.595355, 0.525620
2.118259, 0.468764
1.695608, 0.675802
0.656636, 0.492294
2.523728, 0.065676
1.276620, 0.558623
0.488968, 0.223762
2.377300, 0.160649
1.625233, 0.659383
0.245399, 0.202185
2.346141, 0.599414
1.100375, 0.546904
0.100314, 0.270150
2.242958, 0.609638
1.958647, 0.460805
0.588488, 0.515854
1.366161, 0.532865
0.174810, 0.371746
2.265877, 0.649800
1.236122, 0.780786
0.813105, 0.404492
1.253822, 0.538749
0.259774, 0.243355
2.730644, 0.639760
1.244453, 0.639790
2.640828, 0.263009
1.687216, 0.484658
0.739128, 0.879238
2.716666, 0.655110
1.315195, 0.770299
0.770440, 0.361278
1.984893, 0.757628
0.440168, 0.107364
2.309671, 0.229286
1.976257, 0.584674
0.595660, 0.615772
2.210730, 0.195624
1.223853, 0.725193
0.656545, 0.896237
2.556993, 0.862453
1.301004, 0.706357
2.349284, 0.517685
1.909879, 0.481143
0.930601, 0.381848
1.798364, 0.451857
0.138096, 0.501694
2.556078, 0.521439
1.047884, 0.510611
0.439589, 0.084536
2.203742, 0.814264
1.187384, 0.651033
0.608234, 0.322672
2.029847, 0.397168
1.207190, 0.562358
0.329173, 0.283853
1.900754, 0.793091
0.672231, 0.896634
2.547349, 0.515488
1.673940, 0.415479
2.456221, 0.530564
1.660207, 0.485965
0.215461, 0.232948
2.583605, 0.440840
1.285470, 0.628205
0.555162, 0.692740
2.672964, 0.050935
1.968169, 0.616401
2.629933, 0.353343
1.040132, 0.756200
0.661306, 0.720847
2.914151, 0.255226
1.859066, 0.598346
0.751823, 0.451186
2.552446, 0.347331
1.076266, 0.727915
0.485244, 0.239784
1.754234, 0.697092
0.454268, 0.293954
2.335795, 0.575915
1.113651, 0.464443
0.231452, 0.297739
1.764000, 0.616779
2.055025, 0.709830
1.952300, 0.631477
0.215583, 0.523392
2.143254, 0.557695
1.280831, 0.538591
0.541398, 0.989715
2.420118, 0.679342
1.120884, 0.410645
0.453658, 0.733573
2.729972, 0.175268
1.207251, 0.597284
0.532121, 0.097781
2.736045, 0.168523
1.270150, 0.778100
0.948485, 0.448561
1.662282, 0.583477
0.509507, 0.948363
2.623096, 0.829798
1.403241, 0.777380
0.517228, 0.784570
2.801111, 0.441969
1.509964, 0.659224
0.765526, 0.643696
2.340342, 0.688070
1.538560, 0.474563
0.503830, 0.691946
2.436384, 0.586749
1.554399, 0.474355
0.816401, 0.464644
2.056581, 0.703299
1.897397, 0.482766
2.715049, 0.226722
1.743858, 0.671187
0.992920, 0.474868
1.211066, 0.543754
0.456252, 0.291665
2.652974, 0.729514
1.228950, 0.564837
0.712333, 0.080477
2.215918, 0.450636
1.240791, 0.654036
2.218085, 0.458632
1.617939, 0.787024
0.525498, 0.263161
2.619770, 0.928587
1.104190, 0.423048
0.896512, 0.362163
2.279702, 0.299722
1.272744, 0.680441
0.533280, 0.706107
2.616596, 0.787225
1.502274, 0.550847
0.090457, 0.242836
2.489822, 0.391949
1.990356, 0.431654
0.265877, 0.531175
2.203711, 0.446455
1.440352, 0.512772
2.189764, 0.783166
1.911924, 0.529545
