3.831782 0.643391
3.905026 0.928007
3.409894 1.343242
3.084323 0.258736
3.251320 0.344859
1.234413 0.841456
2.102969 0.752525
1.435347 0.432691
2.019837 1.450423
1.192175 1.807184
2.160466 0.990570
3.092624 1.596423
1.351238 0.666585
2.513260 0.050783
2.571001 0.171209
1.002838 1.754875
1.289590 0.878567
3.805658 1.344218
2.812586 1.275307
1.721732 1.450789
3.111789 0.769311
2.470779 1.700735
2.333201 1.826899
1.482711 0.104007
0.388806 0.440748
1.330607 0.463149
1.191198 0.432386
2.491165 0.264046
1.846492 0.531327
3.522935 0.473403
0.869045 1.348918
0.457289 0.761681
2.652058 0.926786
1.423139 0.709189
3.148778 1.071444
2.602252 0.452467
2.808069 1.323710
3.673086 0.546587
3.685781 0.669698
0.114383 1.246559
3.508896 0.607929
0.205329 0.893094
2.752892 0.326121
3.974853 1.154210
0.847194 0.965117
2.627644 0.280404
1.089877 1.651906
2.897549 1.247047
2.453688 1.074557
2.266915 1.262917
3.238380 0.327097
3.681387 0.484390
3.420270 1.432539
0.912870 0.642293
3.637074 1.567736
2.652547 1.424238
2.061464 0.060060
3.096652 1.285379
1.602588 1.879696
2.686117 1.126316
2.901578 1.871578
1.715873 1.767571
1.940733 1.535813
0.551286 1.453780
1.216468 1.432783
2.381420 0.422926
2.079165 0.674581
2.080874 1.953551
1.424726 0.350780
2.926725 1.724906
0.189215 0.666036
2.958953 1.748283
1.877377 0.004761
3.789056 1.387005
1.750053 1.621754
1.279458 0.431166
3.319803 1.745842
0.857448 1.787530
3.600452 1.560350
3.378155 1.664602
2.481033 0.687277
0.444472 1.548997
0.201788 0.867275
0.492325 1.242775
2.704428 1.229041
2.948820 0.637288
2.482498 1.082308
1.109165 1.873043
2.133488 0.645955
0.795312 1.778924
0.825220 1.119602
2.711875 1.410260
3.539903 0.883267
1.951598 1.388775
2.549760 0.283334
1.467330 1.479965
0.665792 1.217505
2.532304 0.344066
1.053499 1.058260
3.094333 0.880032
0.667013 1.064913
0.500626 1.589648
1.565355 0.878018
1.290811 0.951689
1.804010 0.360790
2.608234 1.768059
3.472274 1.028413
1.465133 0.364635
1.411786 0.839015
2.902799 0.824183
2.681356 0.092654
2.628254 1.072054
1.936094 0.461135
2.734214 0.707419
1.740898 1.754448
0.417615 0.849879
2.982879 0.661275
2.697226 1.339702
0.552873 0.528214
1.694998 0.874355
0.871975 1.186377
1.085116 0.913053
3.404157 0.980499
2.336985 0.654683
1.370647 0.206610
1.118931 0.480239
3.183569 1.201514
1.952818 1.665212
2.850673 1.449385
0.223029 0.980010
3.273293 1.399030
2.719321 1.401471
3.007416 1.516892
1.017853 1.464461
1.446944 1.806940
2.526566 1.909970
1.031281 1.282998
3.125584 0.973052
2.015320 0.063417
1.098056 1.738029
3.474105 0.871609
1.913877 1.048433
1.163732 0.216987
1.255531 0.379711
0.746483 1.038301
1.851131 1.158666
2.297678 0.987823
2.817103 1.234779
1.573534 1.150670
3.324198 0.329539
3.380230 0.616047
1.050691 0.606037
0.925810 1.804804
2.152898 0.685018
1.285195 0.258797
0.853420 1.423139
2.567827 0.099734
1.226478 0.723533
1.675222 1.968261
1.469405 1.228797
1.121128 1.540513
0.847438 1.057588
0.093387 1.183752
0.260750 1.204443
0.557024 1.053194
2.162786 1.911863
3.519883 0.942778
1.955626 1.827876
0.587542 1.202551
0.986114 0.761193
1.269448 1.846492
0.701804 1.416059
1.327189 1.850337
1.472945 0.872524
1.142247 1.017548
0.929472 0.524613
1.564989 1.934874
1.693655 0.015809
1.834529 0.053163
1.856990 1.042146
1.431074 1.952269
3.144871 1.419294
1.323405 0.869167
1.179846 0.956023
1.199744 0.460524
0.892117 0.953764
3.206763 0.424512
0.476821 0.701682
0.770287 0.750328
1.001740 0.432691
1.843440 0.096500
2.322703 1.655385
1.119785 0.685446
1.909482 1.383465
3.281594 0.622578
1.579272 1.383587
3.864010 1.279092
0.986358 0.462600
1.170568 0.525895
3.148289 1.431379
2.033998 1.299112
1.606983 1.834590
2.637532 0.504410
1.844417 0.075442
0.673727 1.638050
3.410016 0.932035
3.901242 0.845729
2.316721 1.674673
2.836879 0.343333
1.784478 0.113834
3.915403 0.816980
2.631428 0.842860
2.865566 0.425123
2.665487 1.443281
0.299203 1.302286
1.854305 0.797693
0.936552 0.815516
2.156804 1.230628
0.776025 1.763970
2.041200 0.311594
1.227210 0.107059
1.307901 0.255074
3.513901 1.244911
2.145940 0.895535
3.919187 0.815638
0.344249 1.120701
0.770409 1.453719
0.248299 0.831568
1.026032 1.178014
3.389508 0.690512
1.643971 1.800531
3.116062 0.771630
1.951842 1.916623
3.462020 0.603046
1.377606 0.383251
2.073550 1.305948
2.465773 1.251442
1.577685 1.423750
1.396893 1.573656
2.276559 0.009705
2.583331 0.978545
1.309977 0.409497
1.617847 1.577929
3.002289 1.645680
1.311808 0.733848
3.705557 1.401715
2.183660 0.696860
2.659505 1.565233
2.386059 0.700339
2.753868 1.478195
1.271645 0.789209
0.835353 1.363140
0.661885 0.417554
1.591968 0.225654
3.490585 0.984222
0.800195 0.303964
0.976470 0.195868
2.586261 0.049257
0.798242 1.763176
1.249306 1.596423
3.851192 0.658712
1.241615 0.237251
3.835078 1.173559
3.716544 1.417585
2.186712 1.212012
2.398633 0.562456
1.120396 1.443953
2.176946 1.692495
1.986267 1.576403
3.801996 1.113681
3.538682 1.544664
1.493942 1.400250
1.670583 0.106449
2.563555 0.636311
2.782556 1.290323
0.482192 1.026093
1.369671 1.657888
2.828578 0.307138
2.878628 0.167913
3.868160 0.798181
1.325724 1.864254
0.769799 1.578906
3.338359 0.576678
3.587756 0.818262
2.728721 0.406690
0.891140 1.771111
3.293802 0.926603
2.348704 0.444472
3.248390 1.274209
2.558550 1.830927
2.355663 1.025300
0.274300 0.880520
2.575640 0.532060
2.533769 1.061495
0.952788 0.447462
2.099918 1.206214
2.627888 0.858119
1.666189 1.455672
3.670644 1.285623
2.513504 1.785028
1.589160 0.321604
0.112796 0.954253
2.960662 1.665700
3.512436 0.852565
1.073397 0.332896
0.185430 1.285134
3.082858 0.525346
3.112766 1.790826
0.551775 0.742821
0.226814 1.073153
3.644154 1.162938
0.268441 1.173437
0.375256 0.604266
0.825587 0.502457
1.233436 1.337992
2.903653 1.851924
2.490066 1.194922
2.498978 1.504685
1.356853 1.131382
2.948088 1.469588
2.056703 0.867275
2.700644 0.264290
0.692526 0.889187
0.223884 1.235633
0.897122 1.178137
1.047273 0.965667
1.247963 0.765893
0.985748 1.637867
3.745476 1.216407
1.734794 0.386792
1.711356 0.034852
1.477340 0.906156
3.116672 1.164525
3.325907 1.410566
0.829249 0.883328
2.739097 0.229011
3.422102 1.039827
1.721366 1.580981
2.116764 0.151677
3.947264 1.166417
1.441572 0.333750
1.283853 1.349406
0.222297 0.832789
3.339213 1.086886
2.508499 1.887997
0.796899 1.173986
0.601215 0.439161
1.668386 0.118412
2.307688 1.495407
1.581103 0.956206
3.233375 0.320994
1.432783 0.835841
2.135563 0.080386
0.957183 0.291391
1.768609 0.850490
2.401807 1.952696
3.278298 1.702506
0.599139 0.680685
0.835597 1.372723
3.786370 1.289346
0.875271 1.735160
0.712912 1.727653
1.158483 0.116092
2.537431 1.407453
1.089022 0.444960
1.744438 0.856105
3.149510 0.762413
2.442824 1.900143
1.301798 1.462508
1.122349 1.487838
1.140660 1.144871
1.454512 0.744407
2.704428 1.694754
1.477340 0.684103
1.480270 0.522965
2.876308 0.553179
1.344279 1.785211
2.898648 0.208075
2.792322 0.285592
1.432295 1.747673
3.647206 0.665609
0.373424 0.711447
2.368603 0.689962
2.408155 0.157414
2.333079 1.930418
2.040712 0.434828
0.706687 1.130222
2.293039 1.224158
0.221809 0.594195
2.409497 1.718558
1.123814 1.614490
0.994049 0.364513
0.618671 1.554857
0.826563 1.548021
3.056001 0.891751
3.042817 0.574541
0.550920 0.531816
1.728080 0.027345
1.331706 1.539659
3.063814 0.239387
1.407025 1.444563
1.530686 1.802911
1.188391 0.909818
0.777734 0.445509
2.252144 1.321207
0.510880 1.224525
2.017762 0.561052
2.500198 1.961547
1.045198 1.500351
1.372112 0.806604
0.618427 0.516007
3.657949 0.858852
3.114353 1.015229
0.714011 0.375500
3.624256 1.513352
1.613575 0.919950
1.616016 1.706351
1.177038 0.416272
1.783746 0.443068
2.584552 1.926817
0.810938 1.036470
1.705008 0.890347
1.316202 0.619831
2.424512 0.185064
2.936857 0.656880
2.697714 1.361064
2.112369 0.926603
1.987732 1.119114
1.351360 0.469375
2.450514 1.905087
2.844447 0.282052
0.451186 1.554979
1.797174 1.437971
2.825770 1.797784
2.895962 1.882565
3.826777 0.729514
3.346294 1.184790
2.133000 0.838282
2.134465 1.936766
2.174627 1.362468
1.755425 0.793786
0.698996 1.415754
0.182501 1.117161
1.613819 1.851314
1.789117 1.777703
0.926542 1.279519
1.156285 1.341899
0.735008 0.452284
3.014863 1.703848
0.785180 1.362468
3.467757 0.607868
3.056734 0.618976
2.704917 1.451460
0.619404 1.107700
2.158147 1.619190
1.973083 1.869503
2.841884 1.699698
0.923368 1.188635
3.092135 1.127537
1.231971 1.869198
1.406537 0.172857
3.178686 1.640614
1.163976 1.004852
2.780358 0.244087
3.340434 1.052461
0.400281 0.653340
3.143895 0.406629
1.714042 0.465835
0.579363 1.275979
1.432295 0.881619
1.758599 0.547258
2.162786 0.640156
1.193152 1.422346
0.902371 0.362865
2.014222 0.556719
3.217017 1.678823
1.668630 1.333964
1.480270 0.395093
2.086245 1.560106
3.166234 1.006623
0.215827 0.706687
2.000793 0.972930
2.354320 1.725333
2.038881 0.058473
3.929930 0.810633
1.342814 0.617206
2.060121 1.535875
0.600116 1.618702
0.921781 1.644948
0.922636 1.237770
2.556352 0.222602
1.335368 1.070406
1.857112 0.314524
1.691336 1.264443
0.383801 0.900479
2.351390 1.525193
1.634571 1.320902
2.932585 0.673727
2.567461 0.267159
2.688681 1.626820
0.895047 1.351115
0.865505 1.142186
1.133824 1.417585
3.415998 0.648457
0.750511 0.599750
3.124119 1.216285
2.571123 1.016144
2.037782 0.941679
1.201697 1.257302
3.270241 0.713340
0.382702 1.004852
3.605213 1.080538
2.151799 0.073672
3.426374 1.141514
2.552934 1.286966
1.273598 0.657064
1.490158 1.959655
2.211859 0.620502
0.492569 0.769555
1.732475 1.522202
1.045564 0.407300
3.437971 1.016511
3.247169 1.444441
3.569201 0.702597
2.185858 0.608844
1.280557 1.889767
1.545579 1.034211
2.434278 1.855892
2.221503 0.632710
1.615406 1.258217
0.771264 0.350719
2.121403 0.172491
1.878109 1.852168
3.838374 0.966155
0.160161 0.976104
3.131443 0.990509
2.113102 1.074313
3.322611 1.115329
1.402631 0.320627
3.635487 0.806238
3.604358 0.534196
2.730064 0.232185
2.461257 1.399640
1.976257 0.666952
3.181372 0.597980
3.127537 1.112156
1.367718 1.196203
2.685751 0.753075
2.535844 1.598865
3.285501 1.411969
3.266823 0.983673
0.855129 1.091342
1.349406 0.516007
0.542985 1.005707
0.569231 0.553484
1.560961 1.946898
2.122257 0.412244
3.349590 0.746910
3.057222 0.457533
2.086245 0.585955
1.616016 0.343272
3.800531 1.411542
0.214850 1.215796
3.532579 0.526139
3.471297 0.682638
3.271950 1.583544
3.493271 0.953764
2.618366 0.756859
1.810846 1.667531
1.420698 1.737968
1.512253 0.690756
2.085879 1.146336
2.945647 1.234840
1.540574 1.561632
0.815088 0.970611
1.393841 0.118107
1.028108 0.967620
1.644581 0.193365
1.063021 1.392499
0.990631 1.194983
1.750175 0.086184
0.319224 0.657735
2.754967 1.133396
2.895352 0.777490
2.582965 0.396863
0.528214 1.638600
1.415082 0.682760
2.010926 1.013825
3.596057 1.418195
0.865627 0.867885
1.623707 1.173132
1.377361 1.807733
2.699667 1.452071
1.499191 1.203284
1.082797 1.819025
1.537889 0.948881
0.372204 1.544725
2.728599 1.871883
2.095279 0.795251
1.234169 0.288522
2.914396 1.403180
2.176580 0.636738
2.346019 0.467605
3.057711 1.544298
1.595752 1.445112
2.947966 1.261330
1.978576 0.201849
3.327250 0.467238
1.758965 1.874264
1.856258 0.897244
1.724174 0.557085
1.230750 1.832881
3.121677 1.449812
3.845698 1.008576
0.924345 0.292245
0.519059 0.894192
3.306742 1.569323
3.386090 1.350688
1.668996 1.685904
0.473159 1.421064
2.879727 1.064241
0.603412 0.539384
0.855861 1.038667
2.268136 1.794855
3.566149 0.472488
3.490585 0.992340
3.576891 1.588244
2.451247 1.401227
3.129490 0.795434
1.830256 1.638905
3.327250 1.668508
2.607257 1.575732
0.307138 0.474746
0.730125 0.353099
3.494247 0.485855
3.044649 1.610706
3.538560 1.394879
1.733695 0.368175
2.373363 1.786676
2.033631 0.168950
2.773400 1.104770
1.312052 0.427259
2.424512 1.439375
2.756676 1.602039
1.680349 0.200751
2.219794 1.506455
1.330119 1.213172
1.391034 0.735130
2.039491 1.794610
2.135197 0.005615
2.541948 1.184668
0.613910 1.297708
1.567675 1.219459
2.849330 0.689718
2.003723 1.496384
2.922208 0.998444
3.525498 1.328166
0.190069 1.290262
1.119541 1.157628
0.459731 1.160924
1.377606 1.848567
0.041993 0.902860
0.979888 0.817103
1.263955 0.621906
3.757439 0.837672
3.090304 0.352062
2.190741 0.516678
1.736625 0.258919
1.749809 1.291421
2.886441 1.453169
2.503494 0.131535
0.766625 0.801355
2.974334 0.230293
1.477096 0.581683
2.411451 1.102512
0.834498 1.523057
1.921934 1.783624
3.250954 0.868801
1.474654 1.620167
1.307169 0.065004
1.245277 0.592669
1.396893 0.500687
2.468337 0.115909
1.431074 0.708274
3.552232 1.171972
1.949522 1.230934
2.511185 0.285714
0.543474 1.540147
3.374615 1.493515
3.592517 0.987335
2.532304 1.048250
2.734581 1.732047
2.878018 0.343272
3.590075 1.323954
1.901425 0.831263
1.482223 0.657247
0.774926 0.357372
2.352611 0.903714
2.117130 1.913755
0.791894 1.785272
0.341929 1.168310
2.533647 0.038697
1.007355 1.816584
3.211035 0.504288
3.331889 1.641041
2.466872 1.210852
0.183599 0.777978
0.852809 0.277291
3.170629 0.332041
2.641804 1.943541
0.957671 1.150609
1.680715 0.041932
0.934965 1.571459
1.405805 0.223457
2.362743 1.955016
2.148747 1.249855
3.118137 0.814600
2.854946 0.664632
2.342357 1.155675
1.895688 0.243599
3.224097 0.921964
0.397473 1.392315
1.890683 0.619098
0.749046 0.578753
1.439741 1.381573
2.203192 0.946745
2.070498 0.978851
0.555315 0.721763
0.358531 1.002838
2.494583 0.457228
3.055147 1.142125
2.207099 1.588061
1.099887 0.195257
3.056001 1.726798
1.062166 0.942473
2.312326 1.408734
2.516434 1.024140
2.751427 1.594836
2.901822 0.337535
2.655477 1.362712
2.747154 0.597858
2.681356 0.305795
3.016327 1.571398
2.958953 1.136876
3.990844 1.001129
2.040590 1.512619
0.816797 1.535386
1.827448 0.894986
0.842921 0.973174
0.596942 1.258950
1.869076 1.138707
2.258248 1.461165
1.283853 0.222663
2.157537 0.546464
1.084506 0.837672
3.329691 1.358806
1.608570 0.724387
3.355937 1.225623
1.415937 0.832850
1.795587 1.918271
1.216834 0.090823
3.123508 0.663228
3.069674 0.882107
1.199988 0.943388
0.186407 1.090793
1.589770 0.478225
2.767541 0.771935
2.756798 0.991241
3.242042 1.032685
1.552782 0.963164
2.171697 0.859462
3.084811 1.195959
1.973937 0.783410
1.222205 0.299875
0.496475 0.768334
1.770684 0.185308
1.432051 1.870296
1.654347 0.325327
1.680960 0.917447
1.730888 0.346873
2.678793 0.812220
